0.01082484407059489,0.1680897084668276,-0.08817070182687035,-0.2253605853753009,-0.1916359354187572,0.2119120642062044,0.1501720499615562,-0.08296230070953022,-0.1210283093641957,-0.1213547252606539
0.280565376467265,0.460889091848156,-1.361290350854485,0.1192247660172373,-1.134531656712189,-0.5760945126766546,-0.07063786198442884,-0.08924033202601037,-0.8687370979631576,1.277800029159145
0.3838185907077785,0.3150475190274312,-0.7095181046617368,0.4076083213938089,-0.9004199423452497,-0.329706839313984,-0.1239262967181786,0.279303359718556,-0.08759895401570779,-0.5890799741325191
0.3002032094764676,-0.08436722325869191,-0.1362402885921062,0.1366735251302771,-0.01184722644154494,-0.5121059397642754,-0.192991914740328,0.08986071635675207,-0.4294628708782751,0.4397185815543019
0.2943152656972839,-0.7009919199888371,-0.08999689612159183,-0.2394544326322524,-0.4858276893436027,-0.1347617033893272,0.05766230712252048,0.1571362169717409,0.3735051977821128,-0.6029836857847828
0.584015454225271,0.3466759992828178,0.9805722013801652,0.1291405993024569,-0.2363754464576361,-1.03990529674775,0.1458076266298309,0.1688159900513684,0.845601941285904,-0.2253630849648847
-0.05467163551081863,-0.148778989062551,-1.027899469678004,0.0987142973155707,-1.211788468161577,-0.7617327509828949,-0.4509406160779247,-0.1677072805345531,-0.7816379594893875,1.249086626772249
0.7487478167810839,-1.028393377737616,-0.9674801213516636,0.1656481242683907,0.02081957986209444,1.223141081421853,0.1223286651928072,0.3345433189075985,-1.021156085464204,-0.1273800233314903
-0.3092781661721616,0.1626019394423939,-1.04918430714661,0.6171101631723661,0.3532752286135686,0.09130063121873547,-0.323740695649792,0.4218115481076314,-0.5748983689568731,0.4550582422173781
0.05400577432175831,-0.5875614680115974,0.4895033789123932,-0.756224916317127,-0.1934850711255721,1.018629173525339,-0.253701944326368,-0.5704242406010299,1.092162055443194,-0.8014522727537828
-0.1823319817193302,0.2586997281622309,-0.1816915625059955,-0.4675281163671242,0.4871490654376603,-0.03694262806612599,0.4429026940046649,-0.2550921748476888,0.3539615760626552,0.3452348190599363
