-0.3180701516042119,0.1483975030904242,0.2251562144732902,-0.1401413379501929,-0.04554142263002803,0.1364146083861666,0.09062986337391744,-0.1405417041350495,0.2135151078835104,0.06157771037778313
-0.269894419903438,0.9232656769855524,0.009223722843351347,0.2128475179247162,-0.08186790385563987,0.09415801615569062,-0.4416299506230727,-0.8951092692542981,0.7626479533566846,0.001145457914224072
-0.3039803274082796,0.1652420026029811,-0.1517113265437255,0.1615175748671101,0.0175689469436814,-0.189228673498611,0.2134664641789456,0.395092896705828,-0.4658890988231028,-0.04160328500528169
-1.073191745878302,0.4117318186973665,-0.1015681339609076,0.937073081789433,-0.2451024523900847,-0.008858118565256623,-0.2790440643284177,-0.6206303001360578,1.073325101323281,0.380134267231422
0.7470170011512562,1.08811948914713,-0.3819615011527525,0.5372534611068741,-0.4114211540791909,0.5515572582923078,-0.4833776217014756,-0.9759350074083961,0.7311343422667842,-0.1633424090217276
0.6758575757868506,0.9892963626235193,-0.3170547163767717,0.5808828971858435,-0.4528572630864197,0.4585883781989596,-0.3454099861897502,-1.243086723127837,1.003803335867612,0.5039778232990264
-0.01766844008704874,0.8391182785945412,-0.3097230670479288,0.9780808217233878,-0.4450094235802654,0.1143298091145057,-0.3935275383415522,-0.1299417150717515,0.9132116406890145,-0.3909619485439122
-0.1112161149655951,0.6038000805268116,0.1846487763887738,0.560854984786531,0.1915233032530092,-0.2559018231396888,0.2541907363502263,-0.1207259872329227,0.3671947962286857,-0.1813791765860098
0.02833727764395691,-0.7278193664346277,-0.2146908039832425,-0.4712766080892862,0.6517173763578777,0.46850079825453,-0.1196496755742064,1.382898344296277,-0.1414997731271632,-0.05153429644504827
0.2195676626188753,0.179515079481917,0.6291483279524254,0.4074313641591908,0.1066405338488741,-0.2516982761956395,-0.3740680942592445,-1.012532551989015,0.6125042032728547,0.5057292662721035
-0.3027727055860385,0.4920357731056788,0.4354834401545722,-0.1492455512637471,-0.107945835152597,-0.4955603505014033,0.2368353221528507,-0.6809808629111285,0.4379862934281427,0.183892674305964
