-0.3940835690429593,-1.583473582478949,0.2011643423349023,0.6417238049230484,0.695079286329646,0.7283774535479605,1.269348435595566,0.1449936217634325,-0.3189076971410933,-0.5109325361492163
-0.4867222032284972,-1.735594605983502,1.456717867956035,0.5752457857336457,1.120018500576268,-0.4797428161239708,-0.1474290362234691,1.052497714947941,-0.2142104324373691,-0.5501908811452551
0.1645251831338316,1.129721806748025,-1.113573106815872,-0.6450271667117993,-0.714789626645313,-0.290310816377035,-0.3975408396309188,-0.4590356924497492,-0.6278948054340694,0.3065243869674537
-0.3038585973685892,0.9927935212505481,-0.5758006696128346,0.1678597325445071,0.3873221022391924,0.9201828537770614,0.9397206684352329,-0.6539535127610272,1.463142504965305,0.9411619145847456
-0.403054746417613,-2.029147692412593,0.3948524276170458,-0.7659029434530763,1.900778150271051,-2.533810433829654,2.189472876933165,0.9089638396036123,1.621357083865103,1.766754209346724
-0.2127051626919997,1.120764642518833,0.1858034388017113,-1.311539154585854,0.8575155767707427,-0.6403225847308831,-1.091676622159046,-0.1933950498259773,-1.844745169719113,0.5668881635997239
-0.3709449682339455,-2.223322087859675,1.072419188049336,1.111621014371734,0.2118292576463985,0.563391699037793,0.8992705092606992,1.152337112088873,-0.5944190195080153,0.5212866968815475
0.1753932445219741,0.9622400697933357,0.1407105917048458,0.08228380630026412,1.085007141718868,0.9826921329902222,0.1250518341918281,-0.366982424570005,1.847025106220527,0.6149088136660712
0.3143280803491112,0.7697025356560774,-1.33469168873095,-0.676440263211734,-0.9009445599384068,1.495158152173729,0.814682006495304,-1.264133094082071,-1.602329266235064,1.212943162319132
-1.876033354998152,-3.022212950835768,2.719378669261191,2.529324555565548,-1.810055432437575,0.5778393732853693,1.538220183460249,1.92845124857694,-2.226208067601584,1.573440592195922
-1.032011481003807,0.636813682990808,0.1167027011591637,-0.8134054368180118,-0.9295497664181079,-0.548294884824796,-2.016286279502377,-1.072693552625347,2.49389027577345,-1.225777620248113
