-0.776581606523298,1.460543111105952,-0.891958263493312,0.634095150267163,-1.352278401472292,0.196372297392487,0.9564465588945046,0.1637193972173443,-1.563550854522266,0.2649713273260813
0.319988214862245,0.520158093914362,0.1886989544739747,0.1389923696609781,0.4000268431341719,-0.1541066442963193,0.198467420967671,-0.2570286390743112,-1.568675931714897,0.4183417861222034
-0.06716925178866456,0.1623729300545127,-1.352901810073554,0.2149536963180855,-0.8683933185853401,1.377987182064029,-1.542632601054641,0.4593254631229503,1.310634093682195,-0.4674244479257714
-0.3924922121814537,-1.38277477777082,0.1952051969045414,-0.6212874275847274,1.402580935032666,0.1919332942761805,-1.648594207030194,-1.120533971411288,-5.195138571766326,2.992938011901694
0.09910419883544082,0.2629585809608575,0.181412450954316,-0.06990070262548097,0.9119418623187097,0.0828743979557274,0.9616247148735189,-0.7306555805876711,-2.40625234212006,0.918428901700498
1.704106228714314,1.466468299056977,-4.10607532665881,0.1688683137371394,-1.547796440142249,1.566162145879854,-2.473790259446896,0.1809018125271283,0.002332744928245857,2.588625919008956
0.2574547459849306,0.6054165993307591,-2.116568242799655,0.286474783794019,0.7709834631092917,0.1119969513724668,2.920471808502661,0.3022627412523999,-0.2068405628090931,-0.3934440227972547
0.494145505990131,1.554821421698887,0.6972397313390276,-0.6844928935639049,-0.714273375238014,1.38153072344519,-1.063964265226055,0.2521807872951767,-0.2955796423283404,0.4357956879723784
-2.1532656072652,2.327449630414207,0.6070130160933287,0.3386812293149625,-0.1805483772492862,-0.6849355950343132,1.790612999007826,1.316256234217166,2.728763305043871,-2.110004774098373
-1.461624262680294,0.3620485221366488,-0.9448902645650386,0.9660203419045708,-2.648083688494158,1.254372142372118,-5.29986633247859,0.3754453051674504,-0.02673973335064134,-0.3679941990973496
1.648439535822198,1.333113036738242,1.812621879072594,-0.612590849710665,0.3525250773513848,1.476345868090428,2.766576171107372,-0.1100144626659555,0.7516848032529071,-1.281071318349916
