0.08286087599999607,-0.1450051342349191,-0.8460263813405405,0.1753240102356952,1.455480339816386,0.2664611713171994,-2.016809488730706,-1.172433798684262,0.7940471956848485,0.8335885139024727
0.7956801085776283,-0.1995932419513861,-0.7237230238464315,1.02631224379106,-0.1217196281043757,-1.419061155646959,-0.3558568526840727,0.8711019291885861,-0.463222867174726,-0.2190982002898844
0.4692725047300207,-2.954084048792022,-1.700048678518194,0.6809004695929513,-1.873434178462469,-0.2036445117764614,0.946021346140355,3.161432232694223,0.8972773190803303,1.00022923443848
-0.2034290652979888,-0.7855657088476515,1.994049589104981,0.02992685524942313,-0.206248751501301,-0.52488332825226,1.313001864196832,-1.097752457884845,-0.2192982263848487,0.8269696307341395
-0.5906913221677919,-0.4981037652431806,0.610731671593853,-0.1516675929253851,-0.4446232214791294,0.5552697884424161,-1.132513394256972,3.094719271650495,2.611255113227095,-1.62275911157194
-0.5019681461404321,-0.6010458754122495,1.577690514698051,-0.4641080779665185,-0.5114234049872859,0.4417834760096468,1.313460238815617,-0.455127391090895,-0.08876790248949198,1.311768644136614
-0.2720513076410653,0.3744644044189921,-1.588492374972666,0.8448292955311542,0.07789268372940324,-0.4131531785147611,-1.326320845620682,0.8683296247442928,0.6940053993372228,-0.5995277894697657
0.08906416476925051,1.12716799197796,-1.104656425658888,-0.2411633333978526,0.2092044056625859,1.339762734807862,-0.6880007603865386,0.04978790572380155,0.2103659953970503,-3.06209771416717
0.7978124398513892,-0.6319942056399158,-1.034344876711294,-0.05260296607621552,0.2931587012333518,0.1636548664660667,-1.146102069908498,1.216613508448663,0.1840324608156958,-1.082512087006324
0.9625635920509962,-1.604621296099198,-0.6816318566314988,0.2779788340404596,-0.6307981015663316,-0.2833352289963599,-0.559595367427103,0.105196099582568,-0.5762225750817273,0.6493562252297497
0.9506330405499178,1.618732598500847,0.3874632626016761,-0.1267145789199929,1.642594542418365,-0.3275673793892043,-0.5498799434112701,0.3480445511962924,1.171282795773636,-0.2520102935720056
