0.9434692118276908,-0.1359175294813932,-0.8132461542630247,-0.2443681504759577,-0.01788035692311275,-0.1327434913617983,0.7844746875993256,1.76480701851416,0.1267806302346663,0.5022635157224857
1.313876864837092,-1.303171641687946,0.7531131616760595,1.701226961078981,-0.7710580559625054,-0.2892007272321569,1.511690758776538,-0.7536232430336897,0.5896153500214578,0.2221566137223046
-2.509111850116287,0.1475175521669359,-0.3599511510156024,-1.56228052605913,-0.2303428883859348,0.6109807770858615,-1.132524548263824,1.546317971585728,-0.9850923133868903,0.1644031288462053
0.4043585105414793,-0.7651622789951487,-1.590382001871197,1.723681042093006,-0.6236536136435883,-0.3147207512661024,0.3684283734943369,0.6973927613306788,1.44024141855028,1.856546783347572
0.2731704747050581,-1.049002450781108,0.5300859909825113,1.814135996782482,2.342193568675478,-2.078970343475371,-2.017291801428696,1.245601157664044,0.8767238160325121,-0.1411790738980173
-0.4612266142481863,-0.0003211576317639936,0.2919638043359957,0.7008267019797508,-0.8879903755320275,-0.3096287470014,1.343653919653717,-1.292187337603272,0.5900858966566841,-0.8183815181252165
3.608113638582086,2.285176968798093,0.3876638510176006,0.829951316589784,2.443858064745178,1.436828086247159,-2.091633877472535,0.2629700027020691,2.124417780450332,-2.009343177445368
0.4308113461411009,0.08286563708878429,-0.7083673777680195,2.254915000940023,0.2237403238613357,1.528702558402958,3.46737931591552,-0.6382603309019895,0.9248153606587235,-1.388582169684119
-2.085318841331891,0.7308175253779584,1.820641798177325,-1.357286965573343,1.113284722273869,-0.7570719113127864,-0.4516573152382997,2.655894189288603,-0.01460399686849987,0.9650313525792668
-3.659493608050173,1.203068406125158,0.6337560298475806,2.205053752546839,-1.168970556154649,2.130497010434355,2.480143879822159,4.434279687333417,0.03643062159420493,3.060708724047805
2.417507067156596,-1.311203180756876,1.100073425680472,0.1465705863166268,-1.411293965017663,-0.1033695133000728,0.1280127230206737,1.474005658694326,-0.6487986775851629,0.3182332612552907
