-2.287821182288404,-0.02639795993734352,0.1777573957945321,-0.197696892756849,-0.1059197964909693,1.011646332928166,-1.376444618183187,0.1406486896540532,-0.2938132525383682,0.08294343048639539
-0.3170804053170964,0.2377092319125965,1.268677716751074,0.3872700237295204,0.0720926800884405,-1.017588348723715,-1.231650205250347,0.2843071723803999,-0.1584020041274014,3.240570005530703
-0.254605157942051,-0.3078900328513401,-0.2330439627293824,-0.22544950727994,-0.05134855109228646,-0.06640033674818088,-0.8801540600788206,-0.02164661009176835,-0.1330174434184846,-0.498225696600503
-2.838421205672867,0.2382102336660772,-0.7471852366288632,0.3109140467287865,0.8905565607889151,-0.4863443599932734,-0.9186853331742968,0.1691077962953136,1.289452648499676,2.564811485606091
-2.128753252177108,-0.5145409161612481,-0.3191452845452022,0.1484005176571752,-1.274790204660234,-3.282102658235904,0.2268777506653567,-0.5438409936911833,1.117183425614445,-1.687559260401486
-0.8049730298816596,1.26088917926371,-0.250660140010995,0.160484446916473,-0.07595253854957291,-0.8874194364036777,-1.128045442287967,-0.282304216600743,-0.4509780886154485,0.9058607927176334
0.415177511620574,-0.3302263539302792,0.2476396579004277,0.169045649680644,-0.5835777244498306,0.04257132504863149,0.6770281137038138,0.3906379120470965,0.143024591957351,0.4247167258738238
-0.8164872263269192,-0.07895829007587096,1.535175582556358,-0.3585030215092189,0.4005353347606653,0.2401200093621015,1.620897064406021,-0.4530211460581901,0.3133314458355159,-2.995786623210903
1.129792539047509,-0.231401768867382,-1.027316028087351,0.5623378723971428,0.3765299327353412,-1.964993191266697,-2.574680805011315,0.1815515641065236,-1.219706880181258,-1.264941445063045
1.947886741646408,-0.2073477575237995,-0.7791593201669218,-0.4292237896731767,0.3825612196580399,-0.7244721946962203,0.9571478459209247,0.05561080984273328,-1.624022453509125,-2.111617527553578
0.2789281630278426,0.4118371230089666,-1.47351147835454,0.2885845305618879,1.92022936810157,-1.77766178624888,-0.8459930344991662,-0.2698275548023403,-1.431477721449945,-0.7455338031655134
