0.4375112574269047,-0.5844670652447296,0.7171684205120377,-0.2629923391368031,-0.09098819874643184,0.3264130493984526,-0.06297457083838,-0.2367314803394656,-0.2821820708975352,-0.1406566321161737
0.08080114170162465,0.5243324390371378,0.09541989071549382,0.1724598068847861,-0.2334518539294345,0.3111122171068121,-0.1052104799000005,-0.09039778700565188,-0.2061973600238849,0.6158302712087437
0.2841052367529719,-0.900174779051681,0.5150803094011995,-0.1843550733405715,0.04367803895340482,-0.2285744249762038,0.4531580376807919,-0.111703768599177,-0.666984872318253,0.1483963378900587
-0.3103160791050754,-0.9218844081615446,0.5128964605933828,0.2281811447517793,-0.1068823430401255,-0.4247966095223501,-0.206017180145631,-0.1298884095247246,0.03875618355969763,-0.612072202753523
0.4707514333850815,0.5167454937167395,-0.6647262102738372,0.04955406298433234,0.1111119828407363,1.311648186168005,-0.09139643489260035,0.2154680862609064,0.3102628377352364,1.035290674967887
-0.1248034869766532,0.5685406283137117,-0.3752828889173062,0.3004503071445337,-0.3906627756857027,0.7491377556255505,0.1965494732826381,-0.06143850068601827,0.2742665032174331,0.3547436601579828
0.1618153488840793,0.3889977175400938,0.6288659728300402,0.4088217751002818,-0.4079467919077047,0.2323353234965982,-0.1877413499017322,0.1539654243505784,-0.4067908643766946,0.008134952419920778
0.2884664737720477,-0.08924281042414371,0.4006359635662098,0.03797284784033692,-0.2161364682994917,0.1521116366005348,-0.06350639060076502,-0.3449830706561974,-0.335813382670137,-0.4997797282480173
0.03592097006133067,-0.4037862881544177,0.9471206201015683,0.128503247880841,0.07628383470712782,-0.05084015311129684,-0.2490095924230161,-0.3659113525106467,-0.330733599716436,0.8883991618859309
0.2368056846416586,-1.035302951019898,-0.284756533455763,-0.09506408519946387,0.2964821072772565,0.004369999365570474,0.2046673041255768,0.3980238148480155,0.7094698333149505,0.2443415302839224
0.4217620409530395,0.1894000897772344,-0.2117234266332272,-0.1112159311020482,0.03434920225533759,0.4029157271452137,-0.05478854170460063,0.3906080889673794,-0.2399561191919767,0.7358035836928106
