0.1380611805256355,0.2462610899873257
0.7542610943558811,0.6553322469672279
0.5306161137440758,0.4939525620133985
0.2759327875915554,0.8370088719898606
0,0.9370269780916169
0.69228780697975,0.5493210211841391
0.1380611805256355,0.910664493934456
0.2136148211977595,1
1,1
0.9713744075829384,0.7911642223429296
0.1380611805256355,0.6129639688575049
0.1675312365359758,0.4939525620133985
0.580542869452822,0
0.2759327875915554,0.01089987325728771
0.05768203360620418,0.6129639688575049
0.8367600172339508,0.4939525620133985
0.7664971994829813,0.2462610899873257
0.6267298578199052,1
0.4259715639810426,0.910664493934456
0.9713744075829384,0.5493210211841391
0.4259715639810426,0.4939525620133985
0.4813614821197759,0.8370088719898606
0.3213442481688927,0
0.3715812149935372,0.4939525620133985
0.3213442481688927,0.6129639688575049
0.9713744075829384,0.6129639688575049
0.1675312365359758,0.6553322469672279
0.3715812149935372,0.01089987325728771
0.4259715639810426,0.03496288249139957
0,0.7110628281730944
0.9713744075829384,1
0.2759327875915554,0.5493210211841391
0.8367600172339508,0.07637153720803914
0.7664971994829813,0
0.69228780697975,0.7110628281730944
0.69228780697975,1
0.4259715639810426,0.2650914358138693
0.7664971994829813,0.145283360492486
0.05768203360620418,0.9026797030599313
0.2136148211977595,0.3236646749954735
0.1380611805256355,0.3236646749954735
0.1675312365359758,0.6129639688575049
0.7664971994829813,0.5493210211841391
0.7542610943558811,0.4428752489588991
0.7542610943558811,0.9026797030599313
0.3715812149935372,0.5493210211841391
0.9058336923739767,0.910664493934456
0.3715812149935372,0.07637153720803914
0.4259715639810426,0
0.1380611805256355,0.5493210211841391
0.2759327875915554,0.4428752489588991
0.0587505385609651,0.145283360492486
0.7664971994829813,0.6553322469672279
0.4259715639810426,0.9026797030599313
0.8367600172339508,0.910664493934456
0.0587505385609651,0.07637153720803914
1,0.9026797030599313
0.8367600172339508,0.4428752489588991
0.1380611805256355,0.8370088719898606
0.2136148211977595,0.01089987325728771
0.4813614821197759,0.7110628281730944
0,0.4939525620133985
0.2136148211977595,0.2462610899873257
0.2759327875915554,0.03496288249139957
0.2136148211977595,0.145283360492486
0.7664971994829813,0.2650914358138693
0.1675312365359758,0.7110628281730944
0.69228780697975,0
0.3715812149935372,0.379775484338222
0.2759327875915554,0.2650914358138693
0.2136148211977595,0.07637153720803914
0.0587505385609651,0.2462610899873257
0.69228780697975,0.7911642223429296
0.580542869452822,0.4428752489588991
0.0587505385609651,0.7911642223429296
0.69228780697975,0.6553322469672279
0.69228780697975,0.01089987325728771
0.7664971994829813,0.4939525620133985
1,0.5493210211841391
0.9713744075829384,0.2462610899873257
0.5306161137440758,0.01089987325728771
0.3213442481688927,1
0.69228780697975,0.145283360492486
0.4259715639810426,0.07637153720803914
0.9058336923739767,0.9026797030599313
0.2759327875915554,0.145283360492486
0.1675312365359758,0.3236646749954735
0.1380611805256355,0.145283360492486
0.9713744075829384,0.3236646749954735
0.2136148211977595,0.9026797030599313
0.0587505385609651,0.910664493934456
0,0.9026797030599313
0.2759327875915554,0.9370269780916169
0.8367600172339508,0.03496288249139957
0.9058336923739767,0.2462610899873257
1,0.7110628281730944
0.3213442481688927,0.2650914358138693
0.4813614821197759,0.4428752489588991
0.2759327875915554,0.6553322469672279
0.4813614821197759,0.910664493934456
0.9713744075829384,0.01089987325728771
0.3213442481688927,0.379775484338222
0.4813614821197759,0.9026797030599313
0.9713744075829384,0.9026797030599313
0.3715812149935372,0
0.1675312365359758,0.4428752489588991
0.9713744075829384,0.4939525620133985
0.3213442481688927,0.5493210211841391
0.05768203360620418,0.2650914358138693
0.4813614821197759,0.6553322469672279
0.69228780697975,0.379775484338222
0.580542869452822,0.4939525620133985
0.9058336923739767,0
0.3715812149935372,0.03496288249139957
0.7664971994829813,0.8370088719898606
0.7664971994829813,0.9026797030599313
0.1675312365359758,0.145283360492486
0.3715812149935372,1
0.2759327875915554,1
0.1675312365359758,0.03496288249139957
0.5306161137440758,0.4428752489588991
0.6267298578199052,0.910664493934456
0.580542869452822,0.2650914358138693
0.2759327875915554,0.4939525620133985
0.9713744075829384,0.07637153720803914
1,0.910664493934456
0.05768203360620418,0.910664493934456
0.7542610943558811,0.379775484338222
0.6267298578199052,0.01089987325728771
0.05768203360620418,0.6553322469672279
0.580542869452822,0.6553322469672279
0.7664971994829813,0.910664493934456
0.8367600172339508,0.3236646749954735
0.1675312365359758,1
0.3715812149935372,0.910664493934456
0.6267298578199052,0.7911642223429296
0.05768203360620418,0.4939525620133985
0.3213442481688927,0.4428752489588991
0.9713744075829384,0.2650914358138693
0.3213442481688927,0.4939525620133985
0.7542610943558811,0.6129639688575049
0.3715812149935372,0.3236646749954735
0.69228780697975,0.6129639688575049
0.6267298578199052,0
0.3213442481688927,0.9370269780916169
0.8367600172339508,0.8370088719898606
0.4259715639810426,0.3236646749954735
0.4259715639810426,0.01089987325728771
0.6267298578199052,0.4939525620133985
0.8367600172339508,0.5493210211841391
0.4813614821197759,0.5493210211841391
0.4259715639810426,0.145283360492486
0.4813614821197759,0.7911642223429296
0.69228780697975,0.2462610899873257
0,0.5493210211841391
0.0587505385609651,0.4939525620133985
0.1675312365359758,0.5493210211841391
0.69228780697975,0.3236646749954735
1,0.2650914358138693
0.5306161137440758,0.9370269780916169
0.580542869452822,0.5493210211841391
0.05768203360620418,0
1,0.145283360492486
0.0587505385609651,0.3236646749954735
1,0.4428752489588991
0.7664971994829813,0.07637153720803914
0.6267298578199052,0.2650914358138693
0.9058336923739767,1
1,0.03496288249139957
0.1675312365359758,0.2650914358138693
0.9713744075829384,0.379775484338222
0.1675312365359758,0.379775484338222
0.69228780697975,0.9370269780916169
0.05768203360620418,0.145283360492486
0.69228780697975,0.4939525620133985
0.3213442481688927,0.7911642223429296
0.3213442481688927,0.7110628281730944
0.580542869452822,0.3236646749954735
0.1380611805256355,0.4939525620133985
0.9058336923739767,0.03496288249139957
0.7542610943558811,1
0.7664971994829813,0.4428752489588991
0.9713744075829384,0.910664493934456
0.3213442481688927,0.8370088719898606
0.2136148211977595,0.910664493934456
0.3213442481688927,0.01089987325728771
0.580542869452822,0.9026797030599313
0.9058336923739767,0.4939525620133985
0.0587505385609651,0.4428752489588991
1,0.9370269780916169
0.3715812149935372,0.7110628281730944
0.3213442481688927,0.3236646749954735
0,0.6129639688575049
0.0587505385609651,1
0.5306161137440758,0.03496288249139957
0.4813614821197759,1
0.8367600172339508,0.7110628281730944
0.1675312365359758,0.910664493934456
0.7542610943558811,0.07637153720803914
0.9058336923739767,0.7110628281730944
0.8367600172339508,0.2650914358138693
0.5306161137440758,0.2462610899873257
0.6267298578199052,0.145283360492486
0.4259715639810426,0.9370269780916169
0.8367600172339508,0.145283360492486
0.7542610943558811,0.4939525620133985
0.9058336923739767,0.6129639688575049
0.1675312365359758,0.01089987325728771
0.5306161137440758,0
0,0.7911642223429296
0.6267298578199052,0.03496288249139957
0.4813614821197759,0.03496288249139957
0.69228780697975,0.8370088719898606
0.4813614821197759,0.07637153720803914
0.9058336923739767,0.9370269780916169
0.0587505385609651,0.6553322469672279
0.6267298578199052,0.07637153720803914
1,0.6129639688575049
0.580542869452822,0.145283360492486
0.1675312365359758,0.07637153720803914
0.2136148211977595,0.03496288249139957
0.2136148211977595,0.7110628281730944
0.9058336923739767,0.8370088719898606
0.3213442481688927,0.2462610899873257
0.5306161137440758,0.3236646749954735
0.6267298578199052,0.6553322469672279
0.1380611805256355,1
0.4259715639810426,0.7110628281730944
0.05768203360620418,0.01089987325728771
0.9713744075829384,0.6553322469672279
1,0.07637153720803914
0.4813614821197759,0.145283360492486
0.580542869452822,0.379775484338222
1,0.01089987325728771
0.5306161137440758,0.910664493934456
0,0.910664493934456
0.580542869452822,0.6129639688575049
0.9058336923739767,0.379775484338222
0.8367600172339508,0
0.2136148211977595,0.5493210211841391
0.9713744075829384,0.4428752489588991
0.8367600172339508,0.9026797030599313
0.0587505385609651,0.03496288249139957
0.6267298578199052,0.5493210211841391
0.6267298578199052,0.3236646749954735
1,0.3236646749954735
0.580542869452822,1
0,0.3236646749954735
0.6267298578199052,0.9370269780916169
0.7664971994829813,0.3236646749954735
0.9713744075829384,0.7110628281730944
0.9713744075829384,0.145283360492486
0,0.4428752489588991
0.580542869452822,0.2462610899873257
0.7664971994829813,0.6129639688575049
1,0
0.1675312365359758,0
0.3715812149935372,0.8370088719898606
0.2759327875915554,0.7110628281730944
0.7542610943558811,0.5493210211841391
0.7542610943558811,0.910664493934456
0.3213442481688927,0.6553322469672279
0.05768203360620418,0.5493210211841391
0.5306161137440758,0.7911642223429296
0.580542869452822,0.910664493934456
0.0587505385609651,0.01089987325728771
0.7542610943558811,0.03496288249139957
0.8367600172339508,0.7911642223429296
0.5306161137440758,0.6553322469672279
0.7664971994829813,0.03496288249139957
0.5306161137440758,1
0.5306161137440758,0.5493210211841391
0.4259715639810426,0.6553322469672279
0.0587505385609651,0.8370088719898606
0.1675312365359758,0.7911642223429296
0.9713744075829384,0
0.1380611805256355,0.6553322469672279
0.05768203360620418,0.379775484338222
0.8367600172339508,0.379775484338222
0.3715812149935372,0.9026797030599313
0.7664971994829813,0.7911642223429296
0.580542869452822,0.7911642223429296
0.7664971994829813,0.7110628281730944
0.69228780697975,0.07637153720803914
0.8367600172339508,0.9370269780916169
0.6267298578199052,0.379775484338222
0.1380611805256355,0.9026797030599313
0.9058336923739767,0.7911642223429296
0,0.2650914358138693
0.05768203360620418,1
0.8367600172339508,0.6553322469672279
0.0587505385609651,0.7110628281730944
0.2136148211977595,0.6553322469672279
0.3715812149935372,0.6553322469672279
0.05768203360620418,0.4428752489588991
0.6267298578199052,0.4428752489588991
0.9058336923739767,0.5493210211841391
0.580542869452822,0.01089987325728771
0.1380611805256355,0.2650914358138693
0.1675312365359758,0.8370088719898606
0.2136148211977595,0.4428752489588991
0.3715812149935372,0.2650914358138693
0.5306161137440758,0.2650914358138693
0.1380611805256355,0.03496288249139957
0.1675312365359758,0.2462610899873257
0,0.07637153720803914
0.1380611805256355,0.07637153720803914
0,0.379775484338222
0.9058336923739767,0.01089987325728771
0.2136148211977595,0.6129639688575049
0.7542610943558811,0.3236646749954735
0.7542610943558811,0.01089987325728771
0.7542610943558811,0
1,0.2462610899873257
0.3715812149935372,0.7911642223429296
0.7664971994829813,0.01089987325728771
1,0.8370088719898606
0.9713744075829384,0.03496288249139957
0.7664971994829813,0.379775484338222
1,0.7911642223429296
0.1380611805256355,0.7911642223429296
0.4259715639810426,0.379775484338222
0.5306161137440758,0.07637153720803914
0.3213442481688927,0.9026797030599313
0,0.8370088719898606
0.1380611805256355,0.01089987325728771
0.2759327875915554,0.3236646749954735
0.1380611805256355,0.379775484338222
0.2759327875915554,0.379775484338222
0.0587505385609651,0.9370269780916169
0.8367600172339508,1
0,0.01089987325728771
0.1675312365359758,0.9026797030599313
0.3715812149935372,0.145283360492486
0.6267298578199052,0.2462610899873257
0.3213442481688927,0.07637153720803914
1,0.379775484338222
0.9058336923739767,0.3236646749954735
0.3213442481688927,0.145283360492486
0,0.2462610899873257
0.7542610943558811,0.8370088719898606
1,0.4939525620133985
0.4259715639810426,0.5493210211841391
0.2136148211977595,0.379775484338222
0.2136148211977595,0.9370269780916169
0.69228780697975,0.03496288249139957
0.05768203360620418,0.3236646749954735
0.05768203360620418,0.7911642223429296
0.2136148211977595,0.4939525620133985
0.05768203360620418,0.07637153720803914
0.69228780697975,0.2650914358138693
0.9058336923739767,0.4428752489588991
0.580542869452822,0.8370088719898606
0.5306161137440758,0.9026797030599313
0.0587505385609651,0.379775484338222
0.4813614821197759,0.3236646749954735
0.2136148211977595,0.8370088719898606
0.2759327875915554,0.910664493934456
0.4813614821197759,0.2650914358138693
0.0587505385609651,0
0.3715812149935372,0.6129639688575049
0.1380611805256355,0
0.2759327875915554,0
0.4259715639810426,0.8370088719898606
0.2136148211977595,0
0.3715812149935372,0.4428752489588991
0.9058336923739767,0.145283360492486
0.5306161137440758,0.7110628281730944
0.3213442481688927,0.03496288249139957
0.2759327875915554,0.7911642223429296
0.1675312365359758,0.9370269780916169
0.4813614821197759,0.4939525620133985
0.4259715639810426,0.6129639688575049
0.4813614821197759,0.2462610899873257
0.05768203360620418,0.03496288249139957
0.5306161137440758,0.6129639688575049
0.0587505385609651,0.2650914358138693
0.7664971994829813,1
0.9058336923739767,0.6553322469672279
0.2759327875915554,0.07637153720803914
0.05768203360620418,0.9370269780916169
0,0.6553322469672279
0.4259715639810426,1
0,0.03496288249139957
0.7542610943558811,0.2650914358138693
0.7542610943558811,0.9370269780916169
0.0587505385609651,0.9026797030599313
0.2759327875915554,0.2462610899873257
0.580542869452822,0.9370269780916169
0.580542869452822,0.03496288249139957
0.69228780697975,0.910664493934456
0.4259715639810426,0.4428752489588991
0.8367600172339508,0.01089987325728771
0,0.145283360492486
0.7542610943558811,0.145283360492486
0.580542869452822,0.07637153720803914
0.4813614821197759,0.9370269780916169
0.7542610943558811,0.7911642223429296
0.3715812149935372,0.2462610899873257
0.4259715639810426,0.2462610899873257
0.5306161137440758,0.379775484338222
0.4813614821197759,0.01089987325728771
0,0
0.580542869452822,0.7110628281730944
0.1380611805256355,0.7110628281730944
0.7664971994829813,0.9370269780916169
0.5306161137440758,0.145283360492486
0.4813614821197759,0.6129639688575049
0.7542610943558811,0.2462610899873257
0.05768203360620418,0.2462610899873257
0.05768203360620418,0.7110628281730944
0.69228780697975,0.9026797030599313
0.4813614821197759,0.379775484338222
0.4813614821197759,0
0.3715812149935372,0.9370269780916169
0.05768203360620418,0.8370088719898606
0,1
0.0587505385609651,0.5493210211841391
0.2136148211977595,0.7911642223429296
0.2759327875915554,0.9026797030599313
0.6267298578199052,0.8370088719898606
0.9058336923739767,0.07637153720803914
0.1380611805256355,0.4428752489588991
0.2136148211977595,0.2650914358138693
0.3213442481688927,0.910664493934456
0.9713744075829384,0.9370269780916169
0.6267298578199052,0.7110628281730944
0.6267298578199052,0.6129639688575049
0.2759327875915554,0.6129639688575049
1,0.6553322469672279
0.9058336923739767,0.2650914358138693
0.4259715639810426,0.7911642223429296
0.1380611805256355,0.9370269780916169
0.6267298578199052,0.9026797030599313
0.69228780697975,0.4428752489588991
0.9713744075829384,0.8370088719898606
0.7542610943558811,0.7110628281730944
0.8367600172339508,0.6129639688575049
0.0587505385609651,0.6129639688575049
0.5306161137440758,0.8370088719898606
0.8367600172339508,0.2462610899873257
