0.6834952363160844
0.488791331963385
0.4935083130954605
0.6461797123108537
0.2286568279469456
0.5381094713244909
0.3489164954231272
0.4962170745376425
0.3217821782178217
0.03624135998505511
0.3668036614982253
0.4935083130954605
0.3217821782178217
0.4174294787969363
0.2637773211283392
0.4935083130954605
0.532738651223613
0.6042873155240053
0.808238371006912
0.3654025779936484
0.4935083130954605
0.9089295722025033
0.3881468335512797
0.4935083130954605
0.6749953297216514
0.2218849243414907
0.4104707640575379
0.3264991593498973
0.2451429105174668
0.1096581356248832
0.3435923781057351
0.5490846254436764
0.6692975901363721
0.5107416402017559
0.6450588455071922
0.5512796562675135
0.08457874089295718
0.5333457874089296
0.2066131141416029
0.4876237623762376
0.6389874836540257
0.4178031010648234
0.4823463478423314
0.4950495049504951
0.4890248458808145
0.6168970670651971
0.1979730991967121
0.2084345226975527
0.2978236502895572
0.4406874649729124
0.4488137492994582
0.8544741266579489
0.4613300952736783
0.8339249019241547
0.3309826265645432
0.7846067625630487
0.1032131515038296
0.5531944703904352
0.3137025966747618
0.4895852792826452
0.9567532224920605
0.4935083130954605
0.4864094900056043
0.3994956099383523
0.4857556510368018
0.5315710816364655
0.3775453016999814
0.431019988791332
0.2634971044274239
0.3263590509994396
0.48748365402578
0.8215019615169064
0.6505697739585279
0.3768914627311787
0.1249299458247711
0.611105921912946
0.4208854847748926
0.4935083130954605
0.3567625630487577
0.8877732112833925
0.3028208481225481
0.5805155987296843
0.3376611246030263
0.1871380534279843
0.2299178031010648
0.3410704277974967
0.5821501961516906
0.6870913506444984
0.8565757519148141
0.4999065944330282
0.2055856529049131
0.1341770969549785
0.6075565103680179
0.6162432280963945
0.840930319447039
0.04399402204371378
0.2509807584532038
0.3594246217074538
0.6206332897440687
0.843172053054362
0.7024565664113581
0.3213618531664487
0.8388753969736596
0.1488417709695498
0.3427984307864749
0.5263870726695311
0.4935083130954605
0.5700541752288436
0.8601251634597421
0.8732953484027648
0.3995423127218382
0.4935083130954605
0.6383803474687091
0.2830655707080142
0.4586680366149822
0.4607696618718475
0.6005977956286195
0.6260041098449468
0.5538950121427236
0.557771343172053
0.3685783672706893
0.7323930506258173
0.1042873155240052
0.4935083130954605
0.8425649168690454
0.1663086119932748
0.2098356062021296
0.4969643190734168
0.3403231832617223
0.2230524939286382
0.8182327666728937
0.4650196151690641
0.6754623575565103
0.4563328974406874
0.8009994395665982
0.8180926583224361
0.4935083130954605
0.4196245096207734
0.8993555015878947
0.4935083130954605
0.4899121987670465
0.1753689519895386
0.5904165888286942
0.3769381655146646
0.6570147580795815
0.2684475994769288
0.1048477489258359
0.3031010648234635
0.4935083130954605
0.4215393237436951
0.6273117877825518
0.09882308985615543
1
0.3308425182140855
0.3662899308798804
0.4935083130954605
0.4605361479544181
0.3663833364468522
0.9702970297029703
0.7745656641135812
0.6042873155240053
0.643330842518214
0.9132262282832057
0.7941808331776573
0.6121800859331216
0.5235849056603774
0.1749486269381655
0.3616196525312909
0.77059592751728
0.6050812628432654
0.7422473379413412
0.5566037735849056
0.5963945451148888
0.8098729684289183
0.4935083130954605
0.7863814683355128
0.7400523071175042
0.2024565664113581
0.4935083130954605
0.7103026340369886
0.491500093405567
0.5038296282458434
0.1562675135438072
0.7471511302073605
0.4990192415467962
0.3576966187184756
0.7962824584345227
0.4935083130954605
0.5925182140855595
0.2203437324864562
0.8547543433588642
0.2884363908088922
0.2039510554829068
0.3656827946945638
0.2634971044274239
0.6439379787035308
0.2766672893704465
0.4030450214832804
0.498225294227536
0.1593966000373622
0.7098356062021297
0.08294414347095086
0.1835886418830562
0.7698019801980197
0.7024098636278723
0.4935083130954605
0.2719036054548851
0.549738464412479
0.318559686157295
0.08420511862507006
0.3107136185316645
0.246403885671586
0.6366990472632169
0.1634130394171493
0.2482719970110218
0.2248739024845881
0.2631234821595367
0.2216047076405754
0.1159630113954792
0.5837847935736969
0.4892583597982439
0.500887352886232
0.1457593872594806
0.2332337007285634
0.1154959835606202
0.7286568279469456
0.4342891836353446
0.9161218008593313
0.6458994956099383
0.1351111526246964
0.8421912946011583
0.06883990285821034
0.2585933121614048
0.7252475247524752
0.8199607696618718
0.1489351765365216
0.7107229590883617
0.7119839342424809
0.5793947319260228
0.4960302634036989
0.6280123295348403
0.3231832617223986
0.7053988417709696
0.587801232953484
0.2410797683541939
0.8931440313842705
0.6285260601531851
0.8199607696618718
0.7064730057911451
0.525966747618158
0.04964505884550717
0.8930973286007846
0.6127405193349524
0.1391275920044834
0.4696431907341678
0.6627592004483467
0.5436203997758267
0.8626004109844947
0.663506444984121
0.4916869045395105
0.4889314403138427
0.7259480665047637
0.3912759200448347
0.9218662432280964
0.7854941154492807
0.6453857649915935
0.4970110218569027
0.2780216700915374
0.85480104614235
0.5155987296842891
0.657248271997011
0.62721838221558
0.811834485335326
0.1553334578740893
0.3807210909770222
0.6875583784793573
0.3320100878012329
0.6926022790958342
0.6127405193349524
0.7838595180272744
0.4582010087801233
0.8739491873715673
0.4559592751728003
0.3755837847935737
0.3560620212964692
0.3253315897627498
0.3391089108910891
0.1521576685970484
0.9427423874462919
0.3666635531477676
0.3301419764617971
0.153652157668597
0.5001868111339436
0.7750326919484402
0.5991500093405566
0.4073416775639828
0.379927143657762
0.3325238184195778
0.6592097889034186
0.3882869419017373
0.4911731739211657
0.1470203624135998
0.05903231832617222
0.609751541191855
0.6071828881001308
0.8084718849243415
0.63086119932748
0.7754530169998133
0.6665421259107043
0.4980384830935924
0.498645619278909
0.4962170745376425
0.495983560620213
0.9554455445544554
0.8983747431346908
0.509854287315524
0.09415281150756585
0.7527554642256679
0.5148981879320008
0
0.3207080141976462
0.2347281898001121
0.1674761815804222
0.702503269194844
0.04464786101251635
0.5733700728563422
0.3521856902671399
0.598122548103867
0.3954324677750794
0.2482719970110218
0.4204184569400336
0.7048384083691387
0.4082757332337007
0.1299738464412479
0.2022697552774145
0.2681206799925276
0.7865682794694564
0.8155707080141976
0.2227255744442369
0.884410610872408
0.4876704651597235
0.4935083130954605
0.6352045581916682
0.4885111152624697
0.4983654025779936
0.4014571268447599
0.8100597795628619
0.1512703157108163
0.4935083130954605
0.7720437138053428
0.3513917429478797
0.5936857836727069
0.8407902110965814
0.827526620586587
0.7064263030076592
0.1199327479917803
0.5005137306183448
0.6129273304688959
0.09121053614795438
0.6334298524192042
0.7393984681487017
0.5644498412105361
0.419811320754717
0.8955258733420511
0.4905660377358491
0.3872127778815617
0.8319633850177471
0.9464786101251635
0.3303754903792266
0.6720997571455259
0.4191107790024285
0.4935083130954605
0.7807304315337193
0.05870539884177094
0.700261535587521
0.7561647674201383
0.8499439566598169
0.4809919671212404
0.2187558378479357
0.3572762936671025
0.2733980945264338
0.1328694190173734
0.6434709508686718
0.7509807584532039
0.4992060526807398
0.4895852792826452
0.1894731926022791
0.3190734167756398
0.762563048757706
0.2656454324677751
0.6126004109844947
0.3695124229404072
0.5893424248085186
0.9178498038483094
0.499112647113768
0.18639080889221
0.7869419017373436
0.4870633289744069
0.1158229030450215
0.06869979450775267
0.2176349710442742
0.2909116383336447
0.6776573883803475
0.8241173173921166
0.323930506258173
0.4680085933121614
0.09186437511675695
0.7954418083317765
0.4998131888660564
0.8393424248085186
0.1471137679805716
0.6062955352138988
0.1958714739398468
0.3081449654399402
0.7228656827946945
0.1508499906594433
0.353493368204745
0.3775920044834672
0.500887352886232
0.6316084438632543
0.7775546422566785
0.7542499532972166
0.5457687278161779
0.4863627872221184
0.6951242294040725
0.1905940594059406
0.7554175228843639
0.7005417522884364
0.5984961703717541
0.1674761815804222
0.8098729684289183
0.9596487950681861
0.3753502708761442
0.7335606202129646
0.4524098636278722
0.04436764431160096
0.4882776013450401
0.3653091724266767
0.2843265458621334
0.9162619092097889
0.7018027274425556
