-0.04683520498419973,0.405775398560324,-0.1154371961215079,-0.02298882547703057,0.451157548905911,0.03874233403481572,-0.3706544704789319,-0.18800866838472,0.549775913639946,-0.1209903024044761
-1.286321733586686,-0.9068091939108553,-1.500197991413672,1.240605579316303,0.717624272704137,-0.606923085391429,-0.3075975777981624,0.6690653933522611,-0.2702117608792485,-0.1701281912237288
0.7175145298568993,-0.9253475570642475,-0.454394426420379,-0.4171101037364361,0.2152294898654864,0.009528785021823857,-0.2051787520980565,0.2053924505345304,0.1383363520390559,0.3039831314865397
1.540695212644117,-0.5220071655938002,-4.114007863881172,-0.7323951004805885,0.4693865124928968,1.247884058333069,-1.073730154872974,1.227467074031232,-0.6707508379073913,-1.072490753123653
0.3838398405232314,0.3428088869970942,1.269506758678576,-1.169048453346317,-1.14295822891013,-0.7189638022028599,1.337148150569484,0.8824833678004876,-1.296456911792441,-0.8407099253101231
-0.2989193294805864,0.234984264238293,0.5428013142236484,-0.7929969324367263,-0.4426892881449878,0.0467020687461971,0.3515600621435299,-0.594450188071591,0.04391665209736634,0.2966031593719347
-1.692057352474769,1.038252005863849,-0.04792615270387382,-3.810068882011262,-0.6826678391935733,-1.463389532520739,0.9418733754578861,-1.021314374733393,0.7459936795940892,0.800243795509437
0.4636579535347926,0.2082589974678615,1.515004534941415,-0.2480854258074158,-1.081687200367176,-0.4640031189891286,0.5601799155209031,0.3511422759041895,-0.184048603112601,-0.189129057350414
0.3610562413991856,-0.3521239262957173,-0.11003243923017,1.325108329555912,0.7280113834642289,0.8212957415025087,-0.5766287691247008,0.1531891343261811,0.6030604560912881,0.06596346942248964
0.4308042123084825,-0.06031041533412267,-1.003826234816488,0.9580175216092052,0.5726542500691262,-0.08060879632760416,-0.6275614274826807,-0.4720819109356899,-0.2673745804043322,0.1296893090197277
-0.2786071300538916,0.6776314722500886,1.070801895395521,-0.2146156577109637,-0.2851236027050327,-0.2846858471328136,-0.01825364208734673,0.2384492494119678,-0.4885062289726629,-0.1197145773591597
