-0.3650072722407027,0.4347936038224091,0.3381031100439659,-0.06882301257884858,0.4194940521775194,0.05414853064565463,0.1422099876405165,-0.2924139981314036,0.3400193229584765,-0.7110692946204173
-0.4346801149213246,0.3515682121590099,-0.05299263665178169,-0.8120648086651545,0.140206782695716,0.2728333357628374,-0.36832866249496,0.1276451489756034,0.2647117180695445,-0.1022911736986004
-0.3072294551214455,-0.336072857730555,0.3580687755713701,-1.47827979409704,-1.186175229799632,0.2149233024942051,-0.3770647812063525,-0.2153513835081558,-0.2205078250301812,1.080844927322303
0.02861511853661738,0.4314018409050148,-0.2505026566014492,0.4485312114184828,-0.3658623611683238,0.0971360230768577,-0.2381557754164085,-0.8148043813618852,-0.1150022269275816,-0.03555236738652851
-0.2543272120355407,0.2176070752377612,-0.1217053085430089,0.1691148215739873,0.8977992035722916,-0.2042116006410344,0.3938773277966523,0.4294715419309805,0.576038781168336,0.0624243202116888
-0.3075456525154003,-0.1798346250889768,-0.5416776652990879,0.6323081707516351,0.4336268546671362,-0.2099581195982144,0.1953431455294994,0.5622458306810681,0.2443394703711787,0.2291383423160713
0.5587546329710649,-0.00827252646220245,0.7862309107132267,-0.2102992019844506,-1.042208903259086,-0.1020173035291447,-0.1243740295012644,-0.5636867669907499,0.04005675477938078,1.281108208051904
-0.2711108360308747,0.2206557466852466,-0.2998339325319389,0.5315478402229767,-0.1559288315220746,-0.4712465761596316,-0.00153518755064438,-0.158852308725929,-0.1133915293549563,-0.3755096107505453
-0.4909462732000158,-0.3682286153673791,-0.3195197592527678,0.3347324187302068,0.8529349302426337,0.5800094610671664,0.5436149417020564,0.4333582221718607,-0.2807740360795902,-1.256228097034569
0.0982413573753096,-0.2107530739811458,-0.05058315551425207,-0.2079674138828589,0.2874108043415182,0.05252315442184329,-0.007773658153768753,0.6033972277886976,0.3167763563114617,0.2780274062985342
0.625788812406211,1.074097213511598,-0.9785642658978172,-0.9551497072892697,-0.6158186463289047,0.3022714261364375,-0.2792550235892265,0.006699635406629528,-0.6911652787619892,0.9140922181098891
