-0.03414849732409637,-0.07739387857850404,-0.07923699868487116,-0.1379131474197522,-0.0392676697053953,-0.162916840744554,-0.008031555432111677,-0.4481322288533753,0.07132935310612695,0.3912398014639259
0.2087857920896714,0.6245526385515041,0.01771937432292407,0.1603638874616889,-0.05291465545981886,-0.2840326464013107,0.1814409734278904,-0.2301844259561542,-0.1064989931768266,0.4957967542309188
-0.5360743148037928,-1.183478900231692,-0.1842236917935959,0.5402298798191347,-0.1509636715469282,-0.5751237149552836,-0.6223090018028584,-0.6940495584481291,0.09991055967154967,-1.363313642547894
-0.1076022005916556,0.6977548001146514,-0.3570630129946752,-0.08939748974622375,-0.5403857137937813,-0.2308865108406211,-0.3417587849210118,0.02643123256653199,0.04238924774938355,0.7919256626171144
-0.3897653906097495,-0.6275324775546505,-0.115020281587074,0.4105046100143341,0.2054162549239281,-0.06017487624790435,0.7113076135500896,0.3166519698998816,-0.3188016175639272,-1.522770710383677
-0.3033266141271509,-1.375977220104645,0.4441647726708768,0.2750777260279005,-0.3983248007371076,0.1785814853241352,0.2352479055681225,0.8479060876864725,0.09370696612000275,-0.5763721646180699
-0.4422911799695635,-1.243305908986996,0.01237542498718808,0.4237732326925184,-0.1402677206051164,-0.4767274381978855,-0.7046004472185504,-0.5648523095533172,0.08364532553163154,-1.318480076210827
-0.1883678511924075,0.2573148924117836,0.01455339693910845,0.008510959891689448,-0.4883602228036449,0.0002263020628869516,-0.4274437843541741,-0.03242959676768442,-0.008949070625439185,0.9411887411469652
0.4358752749253471,0.9558225968110429,-0.1621532670600662,0.1582123500852103,-0.09637614480789465,0.3219863236862039,0.2200214405914981,-0.6053731371430772,-0.4825163816413119,0.8472417714558717
0.3825857524519392,0.9983716905078084,0.2722607848083752,-0.2547522076118124,-0.1447680996298148,-0.2898855241496561,0.2205374259377241,-0.05678155762188272,0.2514721802132976,0.2996339888142214
0.1615997599994357,-0.4521430708571762,0.4801706920820175,0.4482978938539391,0.3915055318045875,0.3619370319995909,0.3068465187736302,-0.1498935926028112,0.3564594653982434,-0.9886201449242217
